
#include <array>
static const std::array<float,24> cubeCorners{
	1,1,1,
	-1,1,1,
	1,-1,1,
	-1,-1,1,
	1,1,-1,
	-1,1,-1,
	1,-1,-1,
	-1,-1,-1};

static const std::array<unsigned char, 36> cubeIndices{
	0,1,2,	1,2,3,
	0,1,4,	1,4,5,
	0,2,4,	2,4,6,
	2,3,6,	3,6,7,
	1,3,5,	3,5,7};

static const std::array<float, 16> PVfromCorner{
	-0.471405f,	-0.408248f,	-0.589014f,	-0.57735f,
	0.471405f,	-0.408248f,	-0.589014f,	-0.57735f,
	0.000000f,	0.816497f,	-0.589014f,	-0.57735f,
	0.000000f,	0.000000f,	3.33206f,	3.4641f};

static const std::array<float, 4*16> rotations{
	1.000000f,	0.000000f,	0.000000f,	0.000000f,
	0.000000f,	1.000000f,	0.000000f,	0.000000f,
	0.000000f,	0.000000f,	1.000000f,	0.000000f,
	0.000000f,	0.000000f,	0.000000f,	1.000000f
		,
	0.923880f,	0.382683f,	0.000000f,	0.000000f,
	-0.382683f,	0.923880f,	0.000000f,	0.000000f,
	0.000000f,	0.000000f,	1.000000f,	0.000000f,
	0.000000f,	0.000000f,	0.000000f,	1.000000f
		,
	0.707107f,	0.707107f,	0.000000f,	0.000000f,
	-0.707107f,	0.707107f,	0.000000f,	0.000000f,
	0.000000f,	0.000000f,	1.000000f,	0.000000f,
	0.000000f,	0.000000f,	0.000000f,	1.000000f
		,
	0.382683f,	0.923880f,	0.000000f,	0.000000f,
	-0.923880f,	0.382683f,	0.000000f,	0.000000f,
	0.000000f,	0.000000f,	1.000000f,	0.000000f,
	0.000000f,	0.000000f,	0.000000f,	1.000000f,
	};
